
\begin{table}[]
 \begin{center}
\caption{Input Data: Distance (in km), traveling cost per unit distance (INR), fixed carrying cost (INR),
fixed charged cost (INR), fixed charge  time (minute), landslide recover time (minute), slope (degree)}
%{\bf Table 3.2.1: Input Data: Distance Matrix }\
%\vskip 0.3 true cm
\begin{adjustbox}{width=\textwidth}
 %\resizebox{0.75\textwidth}{!}{%
 \fontsize{7.15pt}{10pt}\selectfont
 \begin{tabular}{*{11}{c}}\hline\label{MO_paper_input_table}
%&\multicolumn{9}{c}{Crisp Distance Matrix(10\times 10) With Three   Conveyances }& \\\hline 
i/j&1&2&3&4&5&6&7&8&9&10\\\hline

&&(29,27,33)&(32,30,27)&(37,34,32)&(18,26,21)&(18,16,14)&(37,40,35)&(39,35,32)&(42,47,44)&(32,29,26)\\
&&(10,11,8)&(9,8,11)&(8,9,10)&(9,7,11)&(8,9,10)&(11,9,8)&(9,8,11)&(7,9,11)&(9,10,7)\\
1&$\infty$&(288,276,292)&(290,286,278)&(308,298,294)&(252,272,262)&(250,246,238)
&(314,318,302)&(318,310,304)&(326,338,332)&(302,296,290)\\
&&(144,138,146)&(145,143,139)&(154,149,147)&(126,136,131)&(125,123,119)&(157,159,151)&(159,155,152)&(163,169,166)&(151,148,145)\\
&&(40,38,37)&(30,35,33)&(36,39,30)&(32,34,36)&(32,31,30)&(39,32,39)&(38,44,39)&(36,33,35)&(39,30,35)\\
&&(40,38,37)&(30,35,33)&(36,39,30)&(32,34,36)&(32,31,30)&(39,32,39)&(38,44,39)&(36,33,35)&(39,30,35)\\
&&(10,11,8)&(-9,-8,-11)&(8,9,-10)&(9,7,11)&(8,-9,10)&(-11,9,8)&(9,-8,11)&(7,-9,11)&(-9,-10,-7)\\


&(29,27,33)&&(22,26,28)&(30,26,31)&(37,36,38)&(48,46,43)&(32,36,33)&(44,46,47)&(30,26,25)&(13,15,17)\\
&(10,11,8)&&(8,9,8)&(9,10,11)&(8,10,9)&(7,9,10)&(11,10,9)
&(8,9,8)&(7,10,8)&(11,10,9)\\
2&(288,276,292)&$\infty$&(266,278,282)&(290,276,294)&(310,306,334)
&(318,338,330)&(292,306,300)&(330,334,338)&(292,278,274)&(248,246,250)\\
&(144,138,146)&&(133,139,141)&(145,138,147)&(155,153,167)&(159,169,165)&(146,153,150)&(165,167,169)&(146,139,137)&(124,123,125)\\
&(40,38,37)&&(30,40,32)&(30,35,37)&(37,39,31)&(30,37,39)&(36,38,42)
&(32,34,45)&(36,38,36)&(39,35,38)\\
&(40,38,37)&&(30,40,32)&(30,35,37)&(37,39,31)&(30,37,39)&(36,38,42)
&(32,34,45)&(36,38,36)&(39,35,38)\\
&(10,11,8)&&(8,9,8)&(9,10,11)&(8,10,9)&(7,9,10)&(11,10,9)
&(8,9,8)&(7,10,8)&(11,10,9)\\




&(32,30,27)&(22,26,28)&&(32,36,39)&(27,26,23)&(37,39,41)&(11,16,15)&(34,38,35)&(42,44,47)&(32,37,34)\\
&(9,8,11)&(8,9,8)&&(8,10,10)&(9,7,11)&(10,9,8)&(11,9,9)
&(10,9,10)&(8,8,8)&(9,8,10)\\
3&(290,286,278)&(266,278,282)&$\infty$&(96,108,116)&(80,78,66)&(108,112,126)&(23,48,13)&
(98,114,104)&(130,134,140)&(294,310,300)\\
&(145,143,139)&(133,139,141)&&(148,154,158)&(140,139,133)&(154,156,163)&(116,124,123)&(149,157,152)&(165,167,170)&(147,155,150)\\
&(30,35,33)&(30,40,32)&&(39,40,37)&(39,42,37)&(45,38,33)
&(35,40,41)&(35,36,47)&(39,42,38)&(30,32,27)\\
&(30,35,33)&(30,40,32)&&(39,40,37)&(39,42,37)&(45,38,33)
&(35,40,41)&(35,36,47)&(39,42,38)&(30,32,27)\\
&(9,8,11)&(8,9,8)&&(8,10,10)&(9,7,11)&(10,9,8)&(11,9,9)
&(10,9,10)&(8,8,8)&(9,8,10)\\




&(37,34,32)&(30,26,31)&(32,36,39)&&(22,26,28)&(27,26,28)&(32,36,35)&(37,36,40)&(24,26,22)&(39,36,34)\\
&(8,9,10)&(9,10,11)&(8,10,10)&&(9,8,10)&(7,9,9)&(8,10,9)
&(9,9,10)&(8,9,10)&(9,8,9)\\
4&(308,298,294)&(90,78,94)&(96,108,116)&$\infty$&(68,76,82)&(80,76,82)&(94,106,104)
&(108,106,120)&(70,76,66)&(314,308,300)\\
&(154,149,147)&(145,139,147)&(148,154,158)&&(134,138,141)&(140,138,141)&(147,153,152)&(154,153,160)&(135,138,133)&(157,154,150)\\
&(36,39,30)& (42,45,36)& (39,40,37)& &(33,35,39)& (35,38,38)
&(33,39,36)&(30,35,39)&(41,39,20)&(35,37,40)\\
&(36,39,30)& (42,45,36)& (39,40,37)& &(33,35,39)& (35,38,38)
&(33,39,36)&(30,35,39)&(41,39,20)&(35,37,40)\\
&(8,9,10)&(9,10,11)&(8,10,10)&&(9,8,10)&(7,9,9)&(8,10,9)
&(9,9,10)&(8,9,10)&(9,8,9)\\



&(18,26,21)&(37,36,38)&(27,26,23)&(22,26,28)&&(22,26,24)&(23,26,28)&(32,36,38)&(16,16,18)&(30,36,31)\\
&(9,7,11)&(8,9,10)&(9,7,11)&(9,8,10)&&(10,9,10)
&(9,8,7)&(9,10,8)&(7,9,9)&(8,10,9)\\
5&(252,272,262)&(106,108,134)&(78,76,70)&(68,76,82)&$\infty$&(68,76,70)&(68,78,82)
&(96,108,112)&(48,48,52)&(290,308,294)\\
&(126,136,131)&(153,154,157)&(139,138,135)&(134,138,141)&&(134,138,135)&(134,139,141)&(148,154,156)&(124,124,126)&(145,154,147)\\
&(32,34,36)&(35,42,40)&(30,32,36)&(33,35,39)&&(34,39,37)
&(32,36,38)&(42,46,40)&(42,43,37)&(42,33,37)\\
&(32,34,36)&(35,42,40)&(30,32,36)&(33,35,39)&&(34,39,37)
&(32,36,38)&(42,46,40)&(42,43,37)&(42,33,37)\\
&(9,7,11)&(8,9,10)&(9,7,11)&(9,8,10)&&(10,9,10)
&(9,8,7)&(9,10,8)&(7,9,9)&(8,10,9)\\







&(18,16,14)&(48,46,43)&(37,39,41)&(27,26,28)&(22,26,24)&&(34,36,38)&(42,46,47)&(34,36,38)&(32,36,20)\\
&(8,9,10)&(7,9,10)&(10,9,8)&(7,9,9)&(10,9,10)&&(7,8,8)&(9,9,11)&(10,9,8)&(8,9,9)\\
6&(250,246,238)&(136,132,126)&(108,118,126)&(78,80,84)&(68,76,70)&$\infty$&(98,108,116)
&(124,132,136)&(100,108,118)&(296,306,290)\\
&(125,123,119)&(168,166,163)&(154,159,163)&(139,140,142)&(134,138,135)&&(149,154,158)&(162,166,168)&(150,154,159)&(148,153,145)\\
&(32,31,30)&(30,34,38)&(42,36,39)&(38,45,38)&( 34,39,37)&&(32,35,37)&(33,40,37)&(40,42,35)&(36,38,39)\\
&(32,31,30)&(30,34,38)&(42,36,39)&(38,45,38)&( 34,39,37)&&(32,35,37)&(33,40,37)&(40,42,35)&(36,38,39)\\
&(8,9,10)&(7,9,10)&(10,9,8)&(7,9,9)&(10,9,10)&&(7,8,8)&(9,9,11)&(10,9,8)&(8,9,9)\\
6&(6,7,4)&(6,9,0)&(4,3,6)&(7,4,0)&(2,3,9)&$\infty$&(3,4,6)





&(37,40,35)&(32,36,33)&(11,16,15)&(32,36,35)&(23,26,28)&(34,36,38)&&(12,16,13)&(34,36,32)&(22,26,20)\\
&(11,9,8)&(11,10,9)&(11,9,9)&(8,10,9)&(9,8,7)
&(7,8,8)&&(8,9,8)&(10,10,9)&(11,9,8)\\
7&(314,318,302)&(92,108,98)&(38,48,44)&(94,108,104)
&(70,78,84)&(98,108,116)&$\infty$&(60,48,47)&(100,104,94)&(268,278,260)\\
&(157,159,151)&(146,154,149)&(119,124,122)&(147,154,152)&(135,139,142)&(149,154,158)&&(124,120,121)&(150,152,147)&(134,139,130)\\
&(39,32,39)&(38,43,36)&(35,40,37)&(42,44,39)&(44,41,37)
&(32,35,37)&&(48,36,38)&(45,44,33)&(44,42,35)\\
&(39,32,39)&(38,43,36)&(35,40,37)&(42,44,39)&(44,41,37)
&(32,35,37)&&(48,36,38)&(45,44,33)&(44,42,35)\\
&(11,9,8)&(11,10,9)&(11,9,9)&(8,10,9)&(9,8,7)
&(7,8,8)&&(8,9,8)&(10,10,9)&(11,9,8)\\





&(39,35,32)&(44,46,47)&(34,38,35)&(37,36,40)&(32,36,38)
&(42,46,47)&(12,16,13)&&(24,26,25)&(39,36,42)\\
&(9,8,11)&(8,9,8)&(10,9,10)&(9,9,10)&(9,10,8)&(9,9,11)
&(8,9,8)&&(9,8,10)&(10,9,11)\\
8&(318,310,304)&(128,132,134)&(100,132,104)&(108,110,120)&(124,110,114)
&(124,132,134)
&(60,48,47)&$\infty$&(70,78,74)&(316,308,326)\\
&(159,155,152)&(164,166,167)&(150,156,152)&(154,155,160)&(157,155,147)&(162,166,167)&(124,120,121)&&(135,139,137)&(158,154,164)\\
&(38,44,39)&(33,31,47)&(30,35,39)&(39,38,32)&(48,47,42)&(32,44,40)
&(48,36,38)&&(38,43,36)&(32,37,45)\\
&(38,44,39)&(33,31,47)&(30,35,39)&(39,38,32)&(48,47,42)&(32,44,40)
&(48,36,38)&&(38,43,36)&(32,37,45)\\
&(9,8,11)&(8,9,8)&(10,9,10)&(9,9,10)&(9,10,8)&(9,9,11)
&(8,9,8)&&(9,8,10)&(10,9,11)\\




&(42,47,44)&(30,26,25)&(42,44,47)&(24,26,22)&(16,16,18)&(34,36,38)&(34,36,32)&(24,26,25)&&(30,25,28)\\
&(7,9,11)&(7,10,8)&(8,8,8)&(8,9,10)&(7,9,9)&(10,9,8)&(10,10,9)&(9,8,10)&&(9,11,10)\\
9&(326,338,332)&(90,78,74)&(124,128,134)&(72,78,68)&(48,48,52)
&(100,108,108)&(100,108,94)&(70,78,74)&$\infty$&(290,278,274)\\
&(163,169,166)&(145,139,137)&(162,164,167)&(136,139,134)&(124,124,126)&(150,154,154)&(150,154,147)&(135,139,137)&&(145,139,137)\\
&(36,33,35)&(38,32,47)&(35,30,36)&(35,44,34)&(42,38,37)&(38,40,46)&(36,32,40)&(38,43,36)&&(40,39,38)\\
&(36,33,35)&(38,32,47)&(35,30,36)&(35,44,34)&(42,38,37)&(38,40,46)&(36,32,40)&(38,43,36)&&(40,39,38)\\
&(7,9,11)&(7,10,8)&(8,8,8)&(8,9,10)&(7,9,9)&(10,9,8)&(10,10,9)&(9,8,10)&&(9,11,10)\\
9&(5,6,5)&(7,8,7)&(7,0,9)&(9,8,8)&(3,4,3)




&(32,29,26)&(13,15,17)&(32,37,34)&(39,36,34)&(30,36,31)&(32,36,20)&(22,26,20)&(39,36,42)&(30,26,25)&\\
&(9,10,7)&(11,10,9)&(9,8,10)&(9,8,9)&(8,10,9)&(8,9,7)&(11,9,8)&(10,9,11)&(9,11,10)&\\
10&(302,296,290)&(248,246,250)&(294,310,300)&(314,308,300)&(290,308,294)
&(296,306,290)&(268,278,260)&(316,308,328)&(290,278,274)&$\infty$\\
&(151,145,145)&(124,123,125)&(147,155,150)&(157,154,150)&(145,154,147)&(148,153,145)&(134,139,130)&(158,154,164)&(145,139,137)&\\
&(39,30,35)&(39,35,38)&(30,32,27)&(35,37,40)&(42,33,37)&(36,38,39)&(44,42,35)&(32,37,45)&(40,39,38)&\\
&(39,30,35)&(39,35,38)&(30,32,27)&(35,37,40)&(42,33,37)&(36,38,39)&(44,42,35)&(32,37,45)&(40,39,38)&\\
&(9,10,7)&(11,10,9)&(9,8,10)&(9,8,9)&(8,10,9)&(8,9,7)&(11,9,8)&(10,9,11)&(9,11,10)&\\
10&(3,4,5)&(5,4,6)&(9,7,8)&(0,9,6)&(3,4,2)

\hline


\end{tabular}
\end{adjustbox}
%

%\endgroup
\end{center}
\end{table}
