# MOTLBO_input_data (slope)
MOTLBO_input_data



\begin{table}[]
 \begin{center}
\caption{Input Data: Path wise different slope ($\theta$)}
%{\bf Table 3.2.1: Input Data: Distance Matrix }\
%\vskip 0.3 true cm
\begin{adjustbox}{width=\textwidth}
 %\resizebox{0.75\textwidth}{!}{%
 \fontsize{7.15pt}{10pt}\selectfont
 \begin{tabular}{*{11}{c}}\hline\label{MO_paper_input_table_slope}
%&\multicolumn{9}{c}{Crisp Distance Matrix(10\times 10) With Three   Conveyances }& \\\hline 
i/j&1&2&3&4&5&6&7&8&9&10\\\hline


&&(10,11,8)&(-9,-8,-11)&(8,9,-10)&(9,7,11)&(8,-9,10)&(-11,9,8)&(9,-8,11)&(7,-9,11)&(-9,-10,-7)\\
1&$\infty$&(7,8,9)&(8,-7,6)&(6,7,8)&(9,9,4)&(-6,-8,7)
&(6,8,7)&(-9,7,6)&(-9,7,6)&(-6,7,8)\\

&&(-6,7,8)&(-6,7,-9)&(6,7,5)&(-6,-8,-11)&(7,8,7)&(-9,7,6)&(-8,7,6)&(-9,-9,7)&(8,6,7)\\




&(10,11,8)&&(8,9,8)&(9,10,11)&(8,10,9)&(7,9,10)&(11,10,9)
&(8,9,8)&(7,10,8)&(11,10,9)\\
2&(9,-8,11)&$\infty$&(6,9,3)&(6,9,2)&(8,3,8)
&(5,2,6)&(9,6,3)&(9,8,5)&(2,9,7)&(4,7,6)\\
&(9,-8,11)&&(7,9,8)&(2,8,7)&(6,5,9)&(9,-8,0)&(6,2,8)&(8,3,6)&(7,9,3)&(9,-8,11)\\





&(9,8,11)&(8,9,8)&&(8,10,10)&(9,7,11)&(10,9,8)&(11,9,9)
&(10,9,10)&(8,8,8)&(9,8,10)\\
3&(6,4,9)&(3,8,9)&$\infty$&(3,7,8)&(3,9,4)&(6,2,8)&(7,9,13)&
(5,6,3)&(8,9,2)&(5,7,4)\\
&(5,6,9)&(4,8,7)&&(9,4,6)&(3,7,5)&(8,5,9)&(0,3,5)&(6,6,7)&(8,4,3)&(7,8,6)\\





&(8,9,10)&(9,10,11)&(8,10,10)&&(9,8,10)&(7,9,9)&(8,10,9)
&(9,9,10)&(8,9,10)&(9,8,9)\\
4&(4,7,3)&(5,9,4)&(7,3,9)&$\infty$&(3,7,3)&(8,9,0)&(3,6,3)
&(5,7,9)&(9,6,0)&(5,3,8)\\
&(6,2,7)&(9,7,0)&(5,3,0)&&(6,5,8)&(3,8,5)&(8,2,5)&(7,5,6)&(8,9,0)&(4,3,5)\\




&(9,7,11)&(8,9,10)&(9,7,11)&(9,8,10)&&(10,9,10)
&(9,8,7)&(9,10,8)&(7,9,9)&(8,10,9)\\
5&(4,5,6)&(3,5,6)&(7,6,3)&(6,7,9)&$\infty$&(3,6,0)&(7,6,8)
&(3,4,9)&(0,6,7)&(6,5,8)\\
&(4,7,9)&(5,6,3)&(8,9,0)&(2,3,6)&&(4,7,9)&(4,5,7)&(8,4,2)&(7,3,4)&(7,6,0)\\









&(8,9,10)&(7,9,10)&(10,9,8)&(7,9,9)&(10,9,10)&&(7,8,8)&(9,9,11)&(10,9,8)&(8,9,9)\\
6&(6,7,4)&(6,9,0)&(4,3,6)&(7,4,0)&(2,3,9)&$\infty$&(3,4,6)
&(5,7,8)&(3,4,9)&(8,4,5)\\
&(4,5,2)&(0,8,4)&(6,9,8)&(3,4,5)&(5,5,3)&&(4,7,8)&(3,4,9)&(4,5,8)&(4,5,0)\\






&(11,9,8)&(11,10,9)&(11,9,9)&(8,10,9)&(9,8,7)
&(7,8,8)&&(8,9,8)&(10,10,9)&(11,9,8)\\
7&(4,5,9)&(4,5,0)&(5,4,8)&(2,3,9)
&(4,3,8)&(5,6,9)&$\infty$&(3,4,8)&(2,7,4)&(9,4,5)\\
&(3,4,7)&(8,7,9)&(0,4,3)&(8,7,3)&(5,9,8)&(4,5,8)&&(7,4,3)&(8,4,1)&(8,3,2)\\





&(9,8,11)&(8,9,8)&(10,9,10)&(9,9,10)&(9,10,8)&(9,9,11)
&(8,9,8)&&(9,8,10)&(10,9,11)\\
8&(5,8,7)&(3,4,9)&(5,7,6)&(0,9,2)&(3,4,8)
&(5,9,0)
&(3,4,8)&$\infty$&(5,6,4)&(9,0,5)\\
&(7,6,9)&(4,6,7)&(3,9,0)&(7,3,8)&(9,2,8)&(5,4,7)&(2,1,0)&&(4,5,2)&(8,7,3)\\




&(7,9,11)&(7,10,8)&(8,8,8)&(8,9,10)&(7,9,9)&(10,9,8)&(10,10,9)&(9,8,10)&&(9,11,10)\\
9&(5,6,5)&(7,8,7)&(7,0,9)&(9,8,8)&(3,4,3)
&(2,3,7)&(8,9,5)&(8,7,0)&$\infty$&(9,5,6)\\
&(4,7,8)&(4,9,8)&(3,0,9)&(5,4,8)&(9,5,7)&(9,3,2)&(8,9,3)&(6,5,9)&&(7,5,4)\\




&(9,10,7)&(11,10,9)&(9,8,10)&(9,8,9)&(8,10,9)&(8,9,7)&(11,9,8)&(10,9,11)&(9,11,10)&\\
10&(3,4,5)&(5,4,6)&(9,7,8)&(0,9,6)&(3,4,2)
&(7,8,4)&(6,7,0)&(2,3,9)&(5,4,9)&$\infty$\\
&(2,3,7)&(5,6,0)&(9,8,2)&(3,5,8)&(9,6,7)&(0,9,6)&(7,6,3)&(4,6,4)&(8,7,9)&\\
\hline


\end{tabular}
\end{adjustbox}
%

%\endgroup
\end{center}
\end{table}

